particleTestData
[[ 9.99450684e-03  1.53808594e-02  1.75048828e-01  0.00000000e+00
   0.00000000e+00  0.00000000e+00  0.00000000e+00  0.00000000e+00
   1.00000000e+00  1.00000000e+00  0.00000000e+00  0.00000000e+00
   0.00000000e+00  1.00000000e+00  0.00000000e+00  0.00000000e+00
   0.00000000e+00  0.00000000e+00  0.00000000e+00  0.00000000e+00
   0.00000000e+00 -1.00000000e+00 -1.00000000e+00]
 [ 5.19104004e-02  1.17187500e-02  1.87744141e-01  1.00000000e+00
   4.42123413e-03  1.28173828e-03 -2.31361389e-03  1.08051300e-03
   1.00000000e+00  1.00000000e+00  0.00000000e+00  1.00000000e+00
   0.00000000e+00  0.00000000e+00  0.00000000e+00  0.00000000e+00
   0.00000000e+00  0.00000000e+00  0.00000000e+00  0.00000000e+00
   0.00000000e+00  0.00000000e+00  0.00000000e+00]
 [ 5.31311035e-02  1.51367188e-02  1.96777344e-01 -1.00000000e+00
   3.03506851e-04  1.29222870e-03  1.17123127e-04  1.29032135e-03
   1.00000000e+00  1.00000000e+00  0.00000000e+00  1.00000000e+00
   0.00000000e+00  0.00000000e+00  0.00000000e+00  0.00000000e+00
   0.00000000e+00  0.00000000e+00  0.00000000e+00  0.00000000e+00
   0.00000000e+00  1.00000000e+00  0.00000000e+00]
 [ 3.90052795e-03 -3.26660156e-01 -4.40429688e-01  1.00000000e+00
  -6.22177124e-03  2.43568420e-03  6.43157959e-03  3.96728516e-03
   9.96093750e-01  9.96093750e-01  0.00000000e+00  1.00000000e+00
   0.00000000e+00  0.00000000e+00  0.00000000e+00  0.00000000e+00
   0.00000000e+00  0.00000000e+00  0.00000000e+00  0.00000000e+00
   0.00000000e+00  0.00000000e+00  0.00000000e+00]
 [ 3.98254395e-03 -3.00292969e-01 -4.36035156e-01  1.00000000e+00
  -1.39808655e-03  1.70803070e-03  1.11675262e-03  1.58977509e-03
   1.00000000e+00  1.00000000e+00  0.00000000e+00  1.00000000e+00
   0.00000000e+00  0.00000000e+00  0.00000000e+00  0.00000000e+00
   0.00000000e+00  0.00000000e+00  0.00000000e+00  0.00000000e+00
   0.00000000e+00  0.00000000e+00  0.00000000e+00]
 [ 2.12249756e-02  5.37109375e-03  1.58935547e-01  1.00000000e+00
  -2.74658203e-03  1.50585175e-03 -1.01089478e-03  1.74045563e-03
   1.00000000e+00  1.00000000e+00  0.00000000e+00  1.00000000e+00
   0.00000000e+00  0.00000000e+00  0.00000000e+00  0.00000000e+00
   0.00000000e+00  0.00000000e+00  0.00000000e+00  0.00000000e+00
   0.00000000e+00  1.00000000e+00  0.00000000e+00]
 [ 2.09960938e-02  4.69238281e-01 -3.70361328e-01 -1.00000000e+00
  -1.10473633e-01  2.48336792e-03  1.99508667e-03  3.23295593e-03
   1.00000000e+00  1.00000000e+00  0.00000000e+00  1.00000000e+00
   0.00000000e+00  0.00000000e+00  0.00000000e+00  0.00000000e+00
   0.00000000e+00  0.00000000e+00  0.00000000e+00  0.00000000e+00
   0.00000000e+00  1.00000000e+00  0.00000000e+00]
 [ 9.21630859e-03  8.30078125e-03  2.25097656e-01  0.00000000e+00
   0.00000000e+00  0.00000000e+00  0.00000000e+00  0.00000000e+00
   1.00000000e+00  1.00000000e+00  0.00000000e+00  0.00000000e+00
   0.00000000e+00  1.00000000e+00  0.00000000e+00  0.00000000e+00
   0.00000000e+00  0.00000000e+00  0.00000000e+00  0.00000000e+00
   0.00000000e+00 -1.00000000e+00 -1.00000000e+00]
 [ 1.05285645e-02  4.76074219e-02  1.48681641e-01  0.00000000e+00
   0.00000000e+00  0.00000000e+00  0.00000000e+00  0.00000000e+00
   1.00000000e+00  1.00000000e+00  0.00000000e+00  0.00000000e+00
   0.00000000e+00  0.00000000e+00  0.00000000e+00  1.00000000e+00
   0.00000000e+00  0.00000000e+00  0.00000000e+00  0.00000000e+00
   0.00000000e+00 -1.00000000e+00 -1.00000000e+00]
 [ 5.02777100e-03 -3.75000000e-01 -4.33593750e-01 -1.00000000e+00
   2.26757812e+00  5.28564453e-02 -1.91210938e+00  3.76892090e-02
   9.96093750e-01  9.96093750e-01  0.00000000e+00  1.00000000e+00
   0.00000000e+00  0.00000000e+00  0.00000000e+00  0.00000000e+00
   0.00000000e+00  0.00000000e+00  0.00000000e+00  0.00000000e+00
   0.00000000e+00  2.00000000e+00  0.00000000e+00]
 [ 3.21578979e-03 -4.06982422e-01 -4.46044922e-01 -1.00000000e+00
  -5.46264648e-03  3.06320190e-03  1.24359131e-03  2.20108032e-03
   1.00000000e+00  1.00000000e+00  0.00000000e+00  1.00000000e+00
   0.00000000e+00  0.00000000e+00  0.00000000e+00  0.00000000e+00
   0.00000000e+00  0.00000000e+00  0.00000000e+00  0.00000000e+00
   0.00000000e+00  0.00000000e+00  0.00000000e+00]
 [ 2.54440308e-03 -2.29125977e-01 -3.56689453e-01  1.00000000e+00
  -3.12988281e-01  4.25720215e-03 -2.49267578e-01  4.21524048e-03
   9.96093750e-01  9.96093750e-01  0.00000000e+00  1.00000000e+00
   0.00000000e+00  0.00000000e+00  0.00000000e+00  0.00000000e+00
   0.00000000e+00  0.00000000e+00  0.00000000e+00  0.00000000e+00
   0.00000000e+00  1.00000000e+00  0.00000000e+00]
 [ 4.92477417e-03 -1.60156250e-01 -3.89404297e-01 -1.00000000e+00
  -8.77857208e-04  3.24058533e-03  4.84848022e-03  2.38990784e-03
   1.00000000e+00  1.00000000e+00  0.00000000e+00  1.00000000e+00
   0.00000000e+00  0.00000000e+00  0.00000000e+00  0.00000000e+00
   0.00000000e+00  0.00000000e+00  0.00000000e+00  0.00000000e+00
   0.00000000e+00  1.00000000e+00  0.00000000e+00]
 [ 8.23974609e-03 -4.76074219e-02  3.72070312e-01  0.00000000e+00
   0.00000000e+00  0.00000000e+00  0.00000000e+00  0.00000000e+00
   9.96093750e-01  9.96093750e-01  0.00000000e+00  0.00000000e+00
   0.00000000e+00  1.00000000e+00  0.00000000e+00  0.00000000e+00
   0.00000000e+00  0.00000000e+00  0.00000000e+00  0.00000000e+00
   0.00000000e+00 -1.00000000e+00 -1.00000000e+00]
 [ 1.40380859e-02  2.82226562e-01 -3.15673828e-01 -1.00000000e+00
   2.88476562e+00  4.07409668e-03  6.05468750e-01  3.64112854e-03
   9.76562500e-01  9.76562500e-01  0.00000000e+00  1.00000000e+00
   0.00000000e+00  0.00000000e+00  0.00000000e+00  0.00000000e+00
   0.00000000e+00  0.00000000e+00  0.00000000e+00  0.00000000e+00
   0.00000000e+00  0.00000000e+00  0.00000000e+00]
 [ 4.86373901e-03 -2.53173828e-01 -4.49707031e-01 -1.00000000e+00
  -1.46389008e-04  3.85665894e-03 -4.85229492e-03  2.68363953e-03
   1.00000000e+00  1.00000000e+00  0.00000000e+00  1.00000000e+00
   0.00000000e+00  0.00000000e+00  0.00000000e+00  0.00000000e+00
   0.00000000e+00  0.00000000e+00  0.00000000e+00  0.00000000e+00
   0.00000000e+00  2.00000000e+00  0.00000000e+00]
 [ 5.69915771e-03 -3.23730469e-01 -4.00146484e-01  1.00000000e+00
  -6.00585938e-01  4.52636719e-01  6.36718750e-01  7.76367188e-02
   9.96093750e-01  9.96093750e-01  0.00000000e+00  1.00000000e+00
   0.00000000e+00  0.00000000e+00  0.00000000e+00  0.00000000e+00
   0.00000000e+00  0.00000000e+00  0.00000000e+00  0.00000000e+00
   0.00000000e+00  1.00000000e+00  0.00000000e+00]
 [ 2.75230408e-03 -4.36523438e-01 -3.86718750e-01  1.00000000e+00
   1.02310181e-02  3.79180908e-03 -3.90625000e-03  4.34875488e-03
   1.00000000e+00  1.00000000e+00  0.00000000e+00  1.00000000e+00
   0.00000000e+00  0.00000000e+00  0.00000000e+00  0.00000000e+00
   0.00000000e+00  0.00000000e+00  0.00000000e+00  0.00000000e+00
   0.00000000e+00  0.00000000e+00  0.00000000e+00]
 [ 1.20697021e-02  6.08886719e-01 -2.51708984e-01  0.00000000e+00
   0.00000000e+00  0.00000000e+00  0.00000000e+00  0.00000000e+00
   9.76562500e-01  9.76562500e-01  0.00000000e+00  0.00000000e+00
   0.00000000e+00  0.00000000e+00  0.00000000e+00  1.00000000e+00
   0.00000000e+00  0.00000000e+00  0.00000000e+00  0.00000000e+00
   0.00000000e+00 -1.00000000e+00 -1.00000000e+00]
 [ 1.57356262e-03 -4.14550781e-01 -2.62695312e-01  0.00000000e+00
   0.00000000e+00  0.00000000e+00  0.00000000e+00  0.00000000e+00
   9.96093750e-01  9.96093750e-01  0.00000000e+00  0.00000000e+00
   0.00000000e+00  1.00000000e+00  0.00000000e+00  0.00000000e+00
   0.00000000e+00  0.00000000e+00  0.00000000e+00  0.00000000e+00
   0.00000000e+00 -1.00000000e+00 -1.00000000e+00]
 [ 2.15911865e-02  1.14746094e-02  1.45996094e-01  1.00000000e+00
  -2.24304199e-03  4.57763672e-03  9.90867615e-04  5.16510010e-03
   1.00000000e+00  1.00000000e+00  0.00000000e+00  1.00000000e+00
   0.00000000e+00  0.00000000e+00  0.00000000e+00  0.00000000e+00
   0.00000000e+00  0.00000000e+00  0.00000000e+00  0.00000000e+00
   0.00000000e+00  0.00000000e+00  0.00000000e+00]
 [ 1.74617767e-03 -3.01757812e-01 -2.93212891e-01  0.00000000e+00
   0.00000000e+00  0.00000000e+00  0.00000000e+00  0.00000000e+00
   9.96093750e-01  9.96093750e-01  0.00000000e+00  0.00000000e+00
   0.00000000e+00  1.00000000e+00  0.00000000e+00  0.00000000e+00
   0.00000000e+00  0.00000000e+00  0.00000000e+00  0.00000000e+00
   0.00000000e+00 -1.00000000e+00 -1.00000000e+00]
 [ 8.84246826e-03 -2.68554688e-03  2.80517578e-01  0.00000000e+00
   0.00000000e+00  0.00000000e+00  0.00000000e+00  0.00000000e+00
   9.96093750e-01  9.96093750e-01  0.00000000e+00  0.00000000e+00
   0.00000000e+00  1.00000000e+00  0.00000000e+00  0.00000000e+00
   0.00000000e+00  0.00000000e+00  0.00000000e+00  0.00000000e+00
   0.00000000e+00 -1.00000000e+00 -1.00000000e+00]
 [ 2.54058838e-03 -3.62060547e-01 -3.33984375e-01  1.00000000e+00
   3.69628906e-01  3.49426270e-02  5.76171875e-01  2.51464844e-02
   9.96093750e-01  9.96093750e-01  0.00000000e+00  1.00000000e+00
   0.00000000e+00  0.00000000e+00  0.00000000e+00  0.00000000e+00
   0.00000000e+00  0.00000000e+00  0.00000000e+00  0.00000000e+00
   0.00000000e+00  2.00000000e+00  0.00000000e+00]
 [ 2.75039673e-03 -3.10058594e-02 -5.61523438e-01  1.00000000e+00
  -8.44726562e-02  5.98144531e-03 -6.69479370e-03  5.78689575e-03
   1.00000000e+00  1.00000000e+00  0.00000000e+00  1.00000000e+00
   0.00000000e+00  0.00000000e+00  0.00000000e+00  0.00000000e+00
   0.00000000e+00  0.00000000e+00  0.00000000e+00  0.00000000e+00
   0.00000000e+00  0.00000000e+00  0.00000000e+00]
 [ 5.86242676e-02 -1.12304688e-02 -2.00927734e-01 -1.00000000e+00
   1.75683594e+00  5.99121094e-01  7.71484375e+00  2.90283203e-01
   9.96093750e-01  9.96093750e-01  0.00000000e+00  1.00000000e+00
   0.00000000e+00  0.00000000e+00  0.00000000e+00  0.00000000e+00
   0.00000000e+00  0.00000000e+00  0.00000000e+00  0.00000000e+00
   0.00000000e+00  0.00000000e+00  0.00000000e+00]
 [ 1.70898438e-02  2.22167969e-01 -2.60009766e-01 -1.00000000e+00
  -7.37915039e-02  6.64901733e-03 -3.19480896e-04  6.55364990e-03
   1.00000000e+00  1.00000000e+00  0.00000000e+00  1.00000000e+00
   0.00000000e+00  0.00000000e+00  0.00000000e+00  0.00000000e+00
   0.00000000e+00  0.00000000e+00  0.00000000e+00  0.00000000e+00
   0.00000000e+00  0.00000000e+00  0.00000000e+00]
 [ 6.03866577e-03 -6.29882812e-02 -6.37695312e-01  1.00000000e+00
  -3.18145752e-03  8.24737549e-03  7.62557983e-03  8.19396973e-03
   1.00000000e+00  1.00000000e+00  0.00000000e+00  1.00000000e+00
   0.00000000e+00  0.00000000e+00  0.00000000e+00  0.00000000e+00
   0.00000000e+00  0.00000000e+00  0.00000000e+00  0.00000000e+00
   0.00000000e+00  0.00000000e+00  0.00000000e+00]
 [ 1.05285645e-02  3.18115234e-01 -7.88574219e-02  0.00000000e+00
   0.00000000e+00  0.00000000e+00  0.00000000e+00  0.00000000e+00
   9.88281250e-01  9.88281250e-01  0.00000000e+00  0.00000000e+00
   0.00000000e+00  1.00000000e+00  0.00000000e+00  0.00000000e+00
   0.00000000e+00  0.00000000e+00  0.00000000e+00  0.00000000e+00
   0.00000000e+00 -1.00000000e+00 -1.00000000e+00]
 [ 7.99560547e-03 -6.61621094e-02 -1.53808594e-02  0.00000000e+00
   0.00000000e+00  0.00000000e+00  0.00000000e+00  0.00000000e+00
   9.96093750e-01  9.96093750e-01  0.00000000e+00  0.00000000e+00
   0.00000000e+00  1.00000000e+00  0.00000000e+00  0.00000000e+00
   0.00000000e+00  0.00000000e+00  0.00000000e+00  0.00000000e+00
   0.00000000e+00 -1.00000000e+00 -1.00000000e+00]]
svTestData
[[ 0.16369629  3.04492188  0.11779785  3.05664062  0.58789062  3.11132812
  -0.03096008 -0.04849243 -0.0838623   0.06744385  0.92529297 -0.34033203
  -0.43334961]
 [ 0.          0.          0.          0.          0.          0.
   0.          0.          0.          0.          0.          0.
   0.        ]
 [ 0.          0.          0.          0.          0.          0.
   0.          0.          0.          0.          0.          0.
   0.        ]
 [ 0.          0.          0.          0.          0.          0.
   0.          0.          0.          0.          0.          0.
   0.        ]
 [ 0.          0.          0.          0.          0.          0.
   0.          0.          0.          0.          0.          0.
   0.        ]]
elecTestData
[[0. 0. 0. 0. 0. 0. 0. 0. 0. 0. 0. 0. 0. 0. 0. 0. 0. 0. 0. 0.]
 [0. 0. 0. 0. 0. 0. 0. 0. 0. 0. 0. 0. 0. 0. 0. 0. 0. 0. 0. 0.]]
tauTestData
[[0. 0. 0. 0. 0. 0. 0. 0. 0. 0. 0. 0. 0. 0.]
 [0. 0. 0. 0. 0. 0. 0. 0. 0. 0. 0. 0. 0. 0.]
 [0. 0. 0. 0. 0. 0. 0. 0. 0. 0. 0. 0. 0. 0.]]
eventTestData
[ 0.          0.          0.35276353  0.51044732  0.02922896  0.
  0.         10.         26.        ]
prediction
[0.00644346]
label
0.0
